

Software Version	2.01.14



Experiment File Path:	C:\Users\Public\Documents\Experiments\20170330_Venus_GeneralityRpf.xpt
Protocol File Path:	C:\Users\Public\Documents\Protocols\Catherine96hrgrowthcurve.prt



Plate Number	Plate 1
Date	3/30/2017
Time	8:52:57 AM
Reader Type:	Synergy Mx
Reader Serial Number:	219512
Reading Type	Reader

Procedure Details

Plate Type	Costar 48 well
Set Temperature	Setpoint 25°C
	Preheat before moving to next step
Shake	Medium, 0:10 (MM:SS)
Read	Absorbance Endpoint
	Full Plate
	Wavelengths:  600
	Read Speed: Normal,  Delay: 100 msec,  Measurements/Data Point: 8
Start Kinetic	Runtime 96:00:00 (HH:MM:SS), Interval 0:30:00, 193 Reads
    Shake	Slow, Continuous
    Read	Absorbance Endpoint
	Full Plate
	Wavelengths:  600
	Read Speed: Normal,  Delay: 100 msec,  Measurements/Data Point: 8
End Kinetic	

Layout
	1	2	3	4	5	6	7	8
A	SPL1	SPL9	SPL17	SPL25	SPL33	SPL41	SPL49	SPL57	Well ID
B	SPL2	SPL10	SPL18	SPL26	SPL34	SPL42	SPL50	SPL58	Well ID
C	SPL3	SPL11	SPL19	SPL27	SPL35	SPL43	SPL51	SPL59	Well ID
D	SPL4	SPL12	SPL20	SPL28	SPL36	SPL44	SPL52	SPL60	Well ID
E	SPL5	SPL13	SPL21	SPL29	SPL37	SPL45	SPL53	SPL61	Well ID
F	SPL6	SPL14	SPL22	SPL30	SPL38	SPL46	SPL54	SPL62	Well ID



Actual Temperature:	24.2

Results
	1	2	3	4	5	6	7	8
A	0.037	0.035	0.035	0.036	0.036	0.037	0.036	0.036	Read 1:600
B	0.038	0.042	0.048	0.045	0.050	0.042	0.045	0.036	Read 1:600
C	0.037	0.042	0.042	0.045	0.046	0.049	0.051	0.035	Read 1:600
D	0.036	0.046	0.041	0.043	0.046	0.041	0.050	0.037	Read 1:600
E	0.036	0.041	0.043	0.046	0.045	0.045	0.047	0.038	Read 1:600
F	0.038	0.037	0.037	0.037	0.037	0.036	0.036	0.038	Read 1:600

Read 2:600

Time	T° Read 2:600	A1	A2	A3	A4	A5	A6	A7	A8	B1	B2	B3	B4	B5	B6	B7	B8	C1	C2	C3	C4	C5	C6	C7	C8	D1	D2	D3	D4	D5	D6	D7	D8	E1	E2	E3	E4	E5	E6	E7	E8	F1	F2	F3	F4	F5	F6	F7	F8
0:29:43	25.0	0.037	0.034	0.035	0.036	0.036	0.037	0.036	0.036	0.038	0.044	0.048	0.043	0.045	0.042	0.041	0.036	0.037	0.042	0.042	0.045	0.042	0.046	0.043	0.035	0.036	0.042	0.042	0.043	0.045	0.047	0.045	0.037	0.036	0.045	0.046	0.043	0.041	0.042	0.043	0.038	0.038	0.037	0.038	0.037	0.037	0.036	0.036	0.038
0:59:43	25.0	0.036	0.034	0.035	0.036	0.036	0.037	0.036	0.036	0.038	0.044	0.046	0.042	0.044	0.042	0.042	0.036	0.037	0.042	0.042	0.045	0.044	0.044	0.044	0.035	0.036	0.043	0.042	0.043	0.046	0.044	0.044	0.038	0.036	0.045	0.044	0.043	0.041	0.042	0.043	0.038	0.038	0.038	0.038	0.037	0.037	0.036	0.036	0.038
1:29:43	25.0	0.036	0.034	0.035	0.036	0.036	0.037	0.036	0.036	0.038	0.044	0.046	0.043	0.045	0.042	0.042	0.036	0.037	0.042	0.042	0.045	0.044	0.044	0.044	0.035	0.036	0.043	0.042	0.043	0.046	0.044	0.043	0.038	0.036	0.044	0.043	0.043	0.041	0.042	0.043	0.038	0.038	0.038	0.038	0.037	0.037	0.036	0.036	0.038
1:59:43	25.0	0.036	0.034	0.035	0.036	0.036	0.037	0.036	0.036	0.038	0.044	0.045	0.044	0.045	0.042	0.042	0.036	0.037	0.043	0.042	0.046	0.044	0.044	0.044	0.035	0.036	0.043	0.043	0.044	0.046	0.043	0.043	0.038	0.036	0.043	0.043	0.043	0.041	0.042	0.043	0.038	0.038	0.037	0.038	0.037	0.037	0.036	0.036	0.038
2:29:43	25.0	0.036	0.034	0.035	0.036	0.036	0.037	0.036	0.036	0.038	0.044	0.045	0.043	0.045	0.042	0.042	0.036	0.037	0.043	0.043	0.046	0.045	0.045	0.044	0.035	0.036	0.043	0.043	0.044	0.046	0.043	0.043	0.038	0.036	0.043	0.043	0.043	0.042	0.042	0.043	0.038	0.038	0.037	0.038	0.037	0.037	0.036	0.036	0.038
2:59:43	25.0	0.036	0.034	0.035	0.036	0.036	0.037	0.036	0.036	0.038	0.045	0.046	0.043	0.045	0.043	0.042	0.036	0.037	0.043	0.043	0.046	0.045	0.047	0.045	0.035	0.036	0.044	0.043	0.044	0.047	0.043	0.043	0.038	0.037	0.043	0.044	0.043	0.042	0.043	0.043	0.038	0.038	0.037	0.038	0.037	0.037	0.036	0.036	0.038
3:29:43	25.0	0.036	0.034	0.035	0.036	0.036	0.037	0.036	0.036	0.038	0.045	0.046	0.044	0.046	0.043	0.042	0.036	0.037	0.043	0.043	0.047	0.045	0.046	0.046	0.035	0.036	0.044	0.044	0.045	0.046	0.044	0.043	0.038	0.036	0.044	0.044	0.043	0.042	0.043	0.043	0.038	0.038	0.037	0.038	0.037	0.037	0.036	0.036	0.038
3:59:43	25.0	0.036	0.034	0.035	0.036	0.036	0.037	0.036	0.036	0.038	0.046	0.047	0.044	0.046	0.043	0.043	0.036	0.037	0.044	0.043	0.048	0.052	0.047	0.046	0.035	0.036	0.044	0.044	0.045	0.047	0.044	0.044	0.038	0.036	0.044	0.044	0.044	0.042	0.043	0.044	0.038	0.038	0.037	0.038	0.036	0.037	0.036	0.036	0.038
4:29:43	25.0	0.036	0.034	0.035	0.036	0.035	0.037	0.036	0.036	0.038	0.047	0.047	0.046	0.047	0.044	0.043	0.036	0.037	0.045	0.044	0.049	0.053	0.048	0.048	0.035	0.036	0.045	0.045	0.047	0.048	0.044	0.044	0.038	0.036	0.044	0.044	0.044	0.043	0.043	0.044	0.038	0.038	0.037	0.038	0.037	0.037	0.036	0.036	0.038
4:59:43	25.0	0.036	0.034	0.035	0.036	0.036	0.037	0.036	0.036	0.038	0.047	0.049	0.047	0.049	0.045	0.045	0.036	0.037	0.046	0.045	0.051	0.055	0.050	0.050	0.035	0.036	0.047	0.047	0.049	0.049	0.045	0.045	0.038	0.036	0.045	0.045	0.045	0.043	0.044	0.045	0.038	0.038	0.037	0.038	0.037	0.037	0.036	0.036	0.038
5:29:43	25.0	0.036	0.034	0.035	0.036	0.036	0.037	0.036	0.036	0.038	0.049	0.050	0.049	0.051	0.047	0.046	0.036	0.037	0.047	0.047	0.054	0.058	0.053	0.052	0.035	0.036	0.049	0.049	0.051	0.052	0.045	0.046	0.038	0.036	0.045	0.046	0.045	0.044	0.045	0.046	0.038	0.038	0.037	0.038	0.037	0.037	0.036	0.036	0.038
5:59:43	25.0	0.036	0.034	0.035	0.036	0.036	0.037	0.036	0.036	0.038	0.051	0.053	0.053	0.055	0.049	0.049	0.036	0.037	0.050	0.049	0.059	0.058	0.058	0.057	0.035	0.036	0.053	0.053	0.055	0.056	0.046	0.047	0.037	0.036	0.046	0.047	0.046	0.045	0.046	0.046	0.038	0.037	0.037	0.038	0.036	0.037	0.036	0.036	0.037
6:29:43	25.0	0.036	0.034	0.035	0.036	0.036	0.037	0.036	0.036	0.038	0.056	0.058	0.059	0.061	0.054	0.053	0.036	0.037	0.054	0.053	0.068	0.065	0.066	0.065	0.035	0.036	0.058	0.058	0.062	0.063	0.048	0.048	0.038	0.036	0.047	0.049	0.048	0.046	0.047	0.048	0.038	0.038	0.037	0.038	0.036	0.037	0.036	0.036	0.038
6:59:43	25.0	0.036	0.034	0.035	0.036	0.036	0.037	0.036	0.036	0.038	0.063	0.066	0.068	0.071	0.061	0.059	0.036	0.037	0.060	0.059	0.080	0.077	0.078	0.077	0.035	0.036	0.066	0.067	0.072	0.073	0.049	0.050	0.037	0.036	0.048	0.051	0.050	0.048	0.049	0.050	0.038	0.038	0.037	0.037	0.036	0.037	0.036	0.036	0.038
7:29:43	25.0	0.036	0.034	0.035	0.036	0.036	0.037	0.036	0.036	0.038	0.073	0.080	0.083	0.087	0.072	0.070	0.036	0.037	0.069	0.069	0.099	0.096	0.097	0.095	0.035	0.036	0.079	0.081	0.087	0.089	0.052	0.052	0.037	0.036	0.050	0.053	0.053	0.051	0.052	0.053	0.038	0.037	0.037	0.037	0.036	0.037	0.036	0.036	0.038
7:59:43	25.0	0.036	0.034	0.035	0.036	0.036	0.037	0.036	0.036	0.038	0.092	0.101	0.106	0.112	0.091	0.088	0.036	0.037	0.086	0.085	0.129	0.126	0.127	0.124	0.035	0.036	0.100	0.103	0.114	0.116	0.055	0.056	0.038	0.036	0.053	0.057	0.057	0.054	0.056	0.057	0.038	0.038	0.037	0.037	0.036	0.037	0.036	0.036	0.038
8:29:43	25.0	0.036	0.034	0.035	0.036	0.036	0.037	0.036	0.036	0.038	0.118	0.130	0.140	0.149	0.119	0.114	0.036	0.037	0.109	0.110	0.175	0.171	0.172	0.168	0.035	0.036	0.132	0.138	0.155	0.158	0.059	0.061	0.037	0.036	0.056	0.062	0.062	0.060	0.061	0.062	0.038	0.038	0.037	0.037	0.036	0.037	0.036	0.036	0.038
8:59:43	25.0	0.036	0.034	0.035	0.036	0.036	0.037	0.036	0.036	0.038	0.155	0.170	0.177	0.185	0.159	0.152	0.036	0.037	0.146	0.147	0.225	0.218	0.222	0.214	0.035	0.036	0.179	0.187	0.207	0.210	0.066	0.067	0.037	0.036	0.061	0.070	0.071	0.067	0.069	0.071	0.038	0.038	0.037	0.037	0.036	0.037	0.036	0.036	0.038
9:29:43	25.0	0.036	0.034	0.035	0.036	0.036	0.037	0.036	0.036	0.038	0.192	0.217	0.227	0.236	0.198	0.190	0.036	0.037	0.182	0.183	0.292	0.283	0.290	0.278	0.035	0.036	0.228	0.238	0.259	0.261	0.075	0.077	0.038	0.036	0.067	0.080	0.083	0.078	0.081	0.083	0.038	0.038	0.037	0.038	0.036	0.037	0.036	0.036	0.038
9:59:43	25.0	0.036	0.034	0.035	0.036	0.036	0.037	0.036	0.036	0.038	0.243	0.279	0.298	0.314	0.254	0.237	0.036	0.037	0.231	0.232	0.385	0.371	0.382	0.367	0.035	0.036	0.274	0.287	0.306	0.309	0.087	0.090	0.037	0.036	0.076	0.094	0.100	0.094	0.098	0.100	0.038	0.037	0.037	0.037	0.036	0.037	0.036	0.036	0.038
10:29:43	25.0	0.036	0.035	0.035	0.036	0.036	0.037	0.036	0.036	0.038	0.322	0.368	0.395	0.416	0.317	0.271	0.036	0.037	0.294	0.295	0.459	0.449	0.464	0.446	0.035	0.036	0.339	0.363	0.395	0.404	0.104	0.108	0.038	0.036	0.088	0.113	0.124	0.117	0.122	0.124	0.038	0.038	0.037	0.037	0.037	0.037	0.036	0.036	0.038
10:59:43	25.0	0.035	0.034	0.035	0.036	0.036	0.037	0.036	0.036	0.038	0.425	0.460	0.486	0.507	0.411	0.365	0.036	0.037	0.364	0.373	0.577	0.561	0.578	0.555	0.035	0.036	0.447	0.468	0.513	0.522	0.127	0.132	0.038	0.036	0.106	0.140	0.158	0.148	0.155	0.157	0.038	0.037	0.037	0.037	0.036	0.037	0.036	0.036	0.037
11:29:43	25.0	0.035	0.035	0.035	0.036	0.036	0.037	0.036	0.036	0.038	0.514	0.564	0.604	0.636	0.525	0.488	0.036	0.037	0.471	0.484	0.703	0.683	0.691	0.663	0.035	0.036	0.570	0.601	0.642	0.655	0.159	0.165	0.038	0.036	0.128	0.175	0.201	0.189	0.196	0.199	0.038	0.038	0.037	0.037	0.037	0.037	0.036	0.036	0.038
11:59:43	25.0	0.035	0.034	0.035	0.036	0.036	0.037	0.036	0.036	0.038	0.620	0.676	0.700	0.714	0.648	0.626	0.036	0.037	0.591	0.609	0.765	0.750	0.751	0.735	0.035	0.036	0.665	0.689	0.718	0.726	0.198	0.205	0.037	0.036	0.159	0.218	0.255	0.240	0.247	0.249	0.038	0.038	0.037	0.038	0.036	0.037	0.036	0.036	0.038
12:29:43	25.0	0.036	0.035	0.035	0.036	0.036	0.037	0.036	0.036	0.038	0.696	0.737	0.750	0.769	0.719	0.706	0.036	0.037	0.695	0.703	0.804	0.788	0.789	0.781	0.035	0.036	0.729	0.743	0.759	0.763	0.249	0.257	0.038	0.036	0.197	0.274	0.317	0.299	0.304	0.304	0.038	0.038	0.037	0.038	0.036	0.037	0.036	0.036	0.038
12:59:43	25.0	0.035	0.034	0.035	0.036	0.036	0.037	0.036	0.036	0.038	0.754	0.786	0.791	0.782	0.730	0.722	0.036	0.037	0.732	0.729	0.788	0.767	0.756	0.770	0.035	0.036	0.757	0.772	0.786	0.787	0.307	0.318	0.037	0.036	0.244	0.336	0.391	0.365	0.369	0.369	0.038	0.037	0.037	0.037	0.036	0.037	0.036	0.036	0.038
13:29:43	25.0	0.035	0.034	0.035	0.036	0.036	0.037	0.036	0.036	0.038	0.762	0.777	0.773	0.783	0.748	0.744	0.036	0.037	0.757	0.753	0.743	0.727	0.716	0.733	0.035	0.036	0.778	0.778	0.759	0.734	0.375	0.383	0.038	0.036	0.301	0.405	0.463	0.431	0.437	0.435	0.038	0.038	0.037	0.037	0.037	0.037	0.036	0.036	0.038
13:59:43	25.0	0.035	0.034	0.035	0.036	0.036	0.037	0.036	0.036	0.038	0.767	0.777	0.773	0.785	0.767	0.760	0.036	0.037	0.775	0.770	0.872	0.810	0.746	0.753	0.035	0.036	0.730	0.712	0.693	0.715	0.448	0.457	0.038	0.036	0.367	0.475	0.534	0.502	0.507	0.507	0.038	0.037	0.037	0.037	0.036	0.037	0.036	0.036	0.037
14:29:43	25.0	0.035	0.034	0.035	0.036	0.036	0.037	0.036	0.036	0.038	0.780	0.769	0.762	0.780	0.783	0.779	0.036	0.036	0.795	0.787	0.859	0.877	0.745	0.761	0.035	0.036	0.682	0.677	0.761	0.821	0.522	0.529	0.038	0.036	0.438	0.557	0.604	0.572	0.575	0.571	0.038	0.037	0.037	0.037	0.036	0.037	0.036	0.036	0.038
14:59:43	25.0	0.035	0.034	0.035	0.036	0.036	0.037	0.036	0.036	0.038	0.792	0.762	0.762	0.784	0.801	0.796	0.036	0.037	0.815	0.804	0.755	0.747	0.688	0.710	0.035	0.036	0.648	0.669	0.751	0.822	0.584	0.588	0.038	0.037	0.508	0.617	0.659	0.629	0.634	0.627	0.038	0.038	0.037	0.038	0.036	0.037	0.036	0.036	0.038
15:29:43	25.0	0.035	0.034	0.035	0.036	0.036	0.037	0.036	0.036	0.038	0.811	0.769	0.773	0.796	0.811	0.805	0.036	0.037	0.830	0.821	0.768	0.738	0.705	0.719	0.035	0.036	0.634	0.631	0.636	0.622	0.642	0.648	0.037	0.036	0.575	0.674	0.713	0.685	0.688	0.681	0.038	0.037	0.037	0.037	0.036	0.037	0.036	0.036	0.037
15:59:43	25.0	0.035	0.034	0.035	0.036	0.036	0.037	0.036	0.036	0.038	0.829	0.790	0.802	0.814	0.816	0.812	0.036	0.037	0.840	0.833	0.805	0.770	0.738	0.759	0.035	0.036	0.666	0.673	0.674	0.668	0.704	0.700	0.037	0.036	0.631	0.728	0.758	0.732	0.736	0.733	0.038	0.037	0.037	0.037	0.036	0.037	0.036	0.036	0.037
16:29:43	25.0	0.035	0.034	0.035	0.036	0.036	0.037	0.036	0.036	0.038	0.861	0.816	0.832	0.851	0.818	0.814	0.036	0.036	0.846	0.840	0.838	0.812	0.769	0.773	0.035	0.036	0.721	0.719	0.713	0.711	0.748	0.751	0.037	0.036	0.675	0.785	0.795	0.774	0.774	0.771	0.038	0.037	0.037	0.037	0.036	0.037	0.036	0.036	0.037
16:59:43	25.0	0.035	0.034	0.035	0.036	0.036	0.037	0.036	0.036	0.038	0.908	0.853	0.869	0.881	0.811	0.812	0.036	0.037	0.846	0.844	0.875	0.836	0.802	0.803	0.035	0.036	0.772	0.764	0.758	0.754	0.793	0.785	0.037	0.036	0.707	0.821	0.827	0.808	0.807	0.804	0.038	0.037	0.037	0.037	0.036	0.037	0.036	0.036	0.037
17:29:43	25.0	0.035	0.034	0.035	0.036	0.036	0.037	0.036	0.036	0.038	0.938	0.881	0.911	0.913	0.812	0.810	0.036	0.037	0.844	0.842	0.913	0.880	0.838	0.825	0.035	0.036	0.821	0.811	0.801	0.796	0.827	0.821	0.038	0.036	0.749	0.852	0.854	0.836	0.836	0.830	0.038	0.037	0.037	0.037	0.037	0.037	0.036	0.036	0.038
17:59:43	25.0	0.035	0.034	0.035	0.036	0.036	0.037	0.036	0.036	0.038	0.968	0.914	0.944	0.947	0.861	0.840	0.036	0.036	0.871	0.868	0.946	0.920	0.882	0.864	0.035	0.036	0.863	0.855	0.845	0.835	0.857	0.855	0.037	0.036	0.788	0.879	0.877	0.859	0.859	0.853	0.038	0.037	0.037	0.037	0.036	0.037	0.036	0.036	0.037
18:29:43	25.0	0.035	0.034	0.035	0.036	0.036	0.037	0.036	0.036	0.038	1.001	0.944	0.978	0.981	0.923	0.910	0.036	0.037	0.941	0.937	0.986	0.962	0.919	0.906	0.035	0.036	0.901	0.899	0.887	0.878	0.888	0.881	0.037	0.036	0.815	0.908	0.896	0.880	0.881	0.874	0.038	0.037	0.037	0.037	0.036	0.037	0.036	0.036	0.038
18:59:43	25.0	0.035	0.034	0.035	0.036	0.036	0.037	0.036	0.036	0.038	1.031	0.979	1.011	1.010	0.968	0.961	0.036	0.036	0.984	0.985	1.027	1.005	0.962	0.952	0.035	0.036	0.942	0.944	0.939	0.932	0.916	0.908	0.037	0.036	0.853	0.934	0.913	0.899	0.902	0.893	0.038	0.037	0.037	0.037	0.036	0.037	0.036	0.036	0.037
19:29:43	25.0	0.035	0.034	0.035	0.036	0.036	0.037	0.036	0.036	0.038	1.056	1.012	1.041	1.038	0.998	0.993	0.036	0.037	1.012	1.017	1.065	1.039	1.004	0.992	0.035	0.036	0.990	0.996	0.983	0.981	0.942	0.938	0.037	0.036	0.888	0.963	0.930	0.917	0.921	0.910	0.038	0.037	0.037	0.037	0.036	0.037	0.036	0.036	0.037
19:59:43	25.0	0.035	0.034	0.035	0.036	0.036	0.037	0.036	0.036	0.038	1.078	1.042	1.070	1.067	1.024	1.019	0.036	0.037	1.036	1.040	1.099	1.078	1.040	1.035	0.035	0.036	1.031	1.029	1.015	1.014	0.967	0.966	0.038	0.036	0.922	0.988	0.947	0.934	0.942	0.927	0.038	0.037	0.037	0.037	0.036	0.037	0.036	0.036	0.037
20:29:43	25.0	0.035	0.034	0.035	0.036	0.036	0.037	0.036	0.036	0.038	1.098	1.073	1.098	1.093	1.048	1.045	0.036	0.037	1.058	1.063	1.119	1.107	1.064	1.070	0.035	0.036	1.057	1.050	1.036	1.036	0.992	0.989	0.038	0.036	0.959	1.008	0.963	0.951	0.961	0.945	0.038	0.037	0.037	0.037	0.036	0.037	0.036	0.036	0.037
20:59:43	25.0	0.035	0.034	0.035	0.036	0.035	0.037	0.036	0.036	0.038	1.117	1.102	1.128	1.123	1.069	1.067	0.036	0.036	1.078	1.085	1.143	1.130	1.088	1.095	0.035	0.036	1.071	1.061	1.054	1.051	1.017	1.015	0.037	0.036	0.992	1.037	0.978	0.968	0.977	0.960	0.038	0.037	0.037	0.037	0.036	0.037	0.036	0.036	0.037
21:29:43	25.0	0.035	0.034	0.035	0.036	0.036	0.037	0.036	0.036	0.038	1.134	1.137	1.158	1.152	1.091	1.088	0.036	0.037	1.097	1.104	1.170	1.156	1.123	1.132	0.035	0.036	1.081	1.075	1.075	1.068	1.040	1.042	0.037	0.036	1.011	1.052	0.995	0.984	0.992	0.976	0.038	0.037	0.037	0.037	0.036	0.037	0.036	0.036	0.037
21:59:43	25.0	0.035	0.034	0.035	0.036	0.036	0.037	0.036	0.036	0.038	1.150	1.163	1.179	1.178	1.113	1.112	0.036	0.037	1.118	1.125	1.190	1.173	1.144	1.153	0.035	0.036	1.107	1.107	1.103	1.100	1.055	1.055	0.037	0.036	1.027	1.063	1.011	1.002	1.009	0.992	0.038	0.037	0.037	0.037	0.036	0.037	0.036	0.036	0.037
22:29:43	25.0	0.035	0.034	0.035	0.036	0.036	0.037	0.036	0.036	0.038	1.164	1.186	1.198	1.205	1.133	1.131	0.036	0.036	1.136	1.147	1.200	1.183	1.158	1.167	0.035	0.036	1.134	1.134	1.131	1.131	1.069	1.068	0.037	0.036	1.048	1.077	1.026	1.019	1.028	1.009	0.038	0.037	0.037	0.037	0.036	0.037	0.036	0.036	0.037
22:59:43	25.0	0.035	0.034	0.035	0.036	0.036	0.037	0.036	0.036	0.038	1.173	1.205	1.212	1.214	1.147	1.145	0.036	0.036	1.150	1.161	1.207	1.189	1.168	1.177	0.035	0.036	1.147	1.148	1.148	1.145	1.080	1.078	0.038	0.036	1.062	1.089	1.043	1.035	1.050	1.025	0.038	0.037	0.037	0.037	0.036	0.037	0.036	0.036	0.037
23:29:43	25.0	0.035	0.034	0.035	0.036	0.036	0.037	0.036	0.036	0.038	1.182	1.218	1.222	1.226	1.158	1.158	0.036	0.036	1.161	1.172	1.214	1.196	1.177	1.184	0.035	0.036	1.152	1.157	1.159	1.155	1.091	1.088	0.037	0.036	1.077	1.100	1.059	1.056	1.065	1.041	0.038	0.037	0.037	0.037	0.036	0.037	0.036	0.036	0.037
23:59:43	25.0	0.035	0.034	0.035	0.036	0.035	0.037	0.036	0.036	0.038	1.189	1.228	1.230	1.234	1.172	1.172	0.036	0.036	1.174	1.186	1.216	1.197	1.178	1.190	0.035	0.036	1.156	1.162	1.165	1.162	1.101	1.099	0.037	0.036	1.091	1.111	1.079	1.065	1.076	1.057	0.038	0.037	0.037	0.037	0.036	0.037	0.036	0.036	0.037
24:29:43	25.0	0.035	0.034	0.035	0.036	0.036	0.037	0.036	0.036	0.038	1.189	1.234	1.230	1.234	1.183	1.184	0.036	0.036	1.185	1.197	1.213	1.195	1.177	1.190	0.035	0.036	1.161	1.166	1.170	1.167	1.113	1.109	0.037	0.036	1.109	1.123	1.087	1.075	1.086	1.066	0.038	0.037	0.037	0.037	0.036	0.037	0.036	0.036	0.037
24:59:43	25.0	0.035	0.034	0.035	0.036	0.036	0.037	0.036	0.036	0.038	1.189	1.231	1.229	1.236	1.193	1.195	0.036	0.036	1.195	1.207	1.212	1.194	1.177	1.190	0.035	0.036	1.164	1.169	1.173	1.169	1.122	1.119	0.037	0.036	1.123	1.136	1.096	1.086	1.097	1.075	0.038	0.037	0.037	0.037	0.036	0.037	0.036	0.036	0.037
25:29:43	25.0	0.035	0.034	0.035	0.036	0.036	0.037	0.036	0.036	0.038	1.191	1.231	1.231	1.238	1.202	1.202	0.036	0.036	1.205	1.217	1.210	1.193	1.177	1.192	0.035	0.036	1.166	1.172	1.176	1.172	1.133	1.128	0.037	0.036	1.135	1.148	1.107	1.096	1.109	1.086	0.038	0.037	0.037	0.037	0.036	0.037	0.036	0.036	0.037
25:59:43	25.0	0.035	0.034	0.035	0.036	0.036	0.037	0.036	0.036	0.038	1.192	1.232	1.233	1.240	1.208	1.204	0.036	0.036	1.210	1.223	1.209	1.191	1.175	1.191	0.035	0.036	1.168	1.173	1.179	1.174	1.142	1.138	0.037	0.036	1.148	1.158	1.117	1.107	1.119	1.097	0.038	0.037	0.037	0.037	0.036	0.037	0.036	0.036	0.037
26:29:43	25.0	0.035	0.034	0.035	0.036	0.036	0.037	0.036	0.036	0.038	1.196	1.234	1.235	1.241	1.207	1.205	0.036	0.036	1.214	1.225	1.208	1.190	1.174	1.191	0.035	0.035	1.169	1.173	1.180	1.174	1.152	1.148	0.037	0.036	1.160	1.168	1.128	1.119	1.132	1.108	0.038	0.037	0.037	0.037	0.036	0.037	0.036	0.036	0.037
26:59:43	25.0	0.035	0.034	0.035	0.036	0.035	0.037	0.036	0.036	0.038	1.195	1.238	1.234	1.242	1.209	1.208	0.036	0.036	1.214	1.225	1.205	1.187	1.173	1.189	0.035	0.035	1.171	1.174	1.180	1.175	1.160	1.156	0.037	0.036	1.173	1.176	1.139	1.131	1.143	1.119	0.038	0.037	0.037	0.037	0.036	0.037	0.036	0.036	0.037
27:29:43	25.0	0.035	0.034	0.035	0.036	0.036	0.037	0.036	0.036	0.038	1.195	1.236	1.232	1.239	1.209	1.211	0.036	0.036	1.216	1.228	1.205	1.186	1.171	1.188	0.035	0.036	1.169	1.174	1.181	1.176	1.169	1.165	0.037	0.036	1.184	1.184	1.150	1.143	1.155	1.130	0.038	0.037	0.037	0.037	0.036	0.037	0.036	0.036	0.037
27:59:43	25.0	0.035	0.034	0.035	0.036	0.035	0.037	0.036	0.036	0.038	1.194	1.234	1.231	1.238	1.212	1.212	0.036	0.036	1.218	1.229	1.202	1.186	1.170	1.187	0.035	0.036	1.168	1.173	1.180	1.174	1.177	1.172	0.037	0.036	1.191	1.189	1.160	1.153	1.164	1.141	0.038	0.037	0.037	0.037	0.036	0.037	0.036	0.036	0.037
28:29:43	25.0	0.035	0.034	0.035	0.036	0.035	0.037	0.036	0.036	0.038	1.193	1.233	1.230	1.236	1.213	1.214	0.036	0.036	1.218	1.230	1.199	1.184	1.169	1.185	0.035	0.035	1.165	1.171	1.179	1.176	1.182	1.178	0.037	0.036	1.195	1.190	1.170	1.163	1.174	1.151	0.038	0.037	0.037	0.037	0.036	0.036	0.036	0.036	0.037
28:59:43	25.0	0.035	0.034	0.035	0.036	0.035	0.037	0.036	0.036	0.038	1.192	1.231	1.228	1.235	1.215	1.217	0.036	0.036	1.221	1.231	1.197	1.181	1.166	1.182	0.035	0.035	1.164	1.169	1.178	1.173	1.185	1.181	0.037	0.036	1.204	1.191	1.179	1.173	1.183	1.160	0.038	0.037	0.037	0.037	0.036	0.036	0.036	0.035	0.037
29:29:43	25.0	0.035	0.034	0.035	0.036	0.036	0.037	0.036	0.036	0.038	1.190	1.229	1.228	1.234	1.215	1.216	0.036	0.036	1.221	1.232	1.196	1.180	1.165	1.180	0.035	0.036	1.162	1.167	1.175	1.170	1.188	1.184	0.037	0.036	1.204	1.192	1.188	1.182	1.191	1.169	0.038	0.037	0.037	0.037	0.036	0.037	0.036	0.036	0.037
29:59:43	25.0	0.035	0.034	0.035	0.036	0.036	0.037	0.036	0.036	0.038	1.190	1.227	1.226	1.232	1.214	1.215	0.036	0.036	1.222	1.232	1.193	1.178	1.163	1.179	0.035	0.036	1.159	1.164	1.173	1.169	1.189	1.185	0.037	0.036	1.203	1.198	1.197	1.191	1.199	1.177	0.038	0.037	0.037	0.037	0.036	0.036	0.036	0.036	0.037
30:29:43	25.0	0.035	0.034	0.035	0.036	0.035	0.037	0.036	0.036	0.038	1.190	1.226	1.225	1.232	1.212	1.212	0.036	0.036	1.219	1.230	1.191	1.176	1.161	1.177	0.035	0.035	1.158	1.162	1.171	1.167	1.191	1.186	0.037	0.036	1.202	1.195	1.206	1.198	1.203	1.184	0.038	0.037	0.037	0.037	0.036	0.037	0.036	0.036	0.037
30:59:43	25.0	0.035	0.034	0.035	0.036	0.035	0.037	0.036	0.036	0.038	1.189	1.227	1.224	1.231	1.210	1.210	0.036	0.036	1.218	1.228	1.190	1.174	1.160	1.175	0.035	0.035	1.155	1.163	1.171	1.166	1.192	1.187	0.037	0.036	1.202	1.194	1.213	1.204	1.208	1.192	0.038	0.037	0.037	0.037	0.036	0.036	0.036	0.036	0.037
31:29:43	25.0	0.035	0.034	0.035	0.036	0.035	0.037	0.036	0.036	0.038	1.189	1.225	1.223	1.229	1.208	1.208	0.036	0.036	1.216	1.226	1.187	1.171	1.158	1.173	0.035	0.035	1.153	1.159	1.168	1.163	1.198	1.189	0.037	0.036	1.202	1.193	1.220	1.209	1.212	1.197	0.038	0.037	0.037	0.037	0.036	0.036	0.035	0.035	0.037
31:59:43	25.0	0.035	0.034	0.035	0.036	0.035	0.037	0.036	0.036	0.038	1.189	1.224	1.222	1.229	1.205	1.206	0.036	0.036	1.213	1.225	1.185	1.170	1.156	1.171	0.035	0.035	1.150	1.159	1.168	1.162	1.198	1.194	0.037	0.036	1.201	1.191	1.225	1.213	1.214	1.202	0.038	0.037	0.037	0.037	0.036	0.036	0.036	0.035	0.037
32:29:43	25.0	0.035	0.034	0.035	0.036	0.035	0.037	0.036	0.036	0.038	1.187	1.224	1.221	1.228	1.204	1.204	0.036	0.036	1.212	1.222	1.184	1.169	1.155	1.169	0.035	0.035	1.148	1.156	1.167	1.160	1.196	1.193	0.037	0.036	1.201	1.189	1.229	1.216	1.216	1.206	0.038	0.037	0.037	0.037	0.036	0.036	0.036	0.035	0.037
32:59:43	25.0	0.035	0.034	0.035	0.036	0.036	0.037	0.036	0.036	0.038	1.186	1.222	1.220	1.226	1.201	1.201	0.036	0.036	1.210	1.219	1.183	1.167	1.153	1.167	0.035	0.035	1.145	1.154	1.165	1.158	1.195	1.191	0.037	0.036	1.199	1.187	1.233	1.218	1.217	1.208	0.038	0.037	0.037	0.037	0.036	0.036	0.035	0.036	0.037
33:29:43	25.0	0.035	0.034	0.035	0.036	0.035	0.037	0.036	0.036	0.038	1.185	1.221	1.219	1.225	1.199	1.199	0.036	0.036	1.209	1.219	1.181	1.165	1.152	1.166	0.035	0.035	1.145	1.153	1.164	1.157	1.194	1.190	0.037	0.036	1.198	1.185	1.236	1.220	1.218	1.210	0.038	0.037	0.037	0.037	0.036	0.036	0.035	0.036	0.037
33:59:43	25.0	0.035	0.034	0.035	0.036	0.035	0.037	0.036	0.036	0.038	1.185	1.220	1.218	1.224	1.196	1.198	0.036	0.036	1.207	1.216	1.180	1.162	1.150	1.164	0.035	0.035	1.144	1.151	1.163	1.155	1.193	1.189	0.037	0.036	1.197	1.184	1.238	1.223	1.218	1.211	0.038	0.037	0.037	0.037	0.036	0.036	0.036	0.036	0.037
34:29:43	25.0	0.035	0.034	0.035	0.036	0.035	0.037	0.036	0.036	0.038	1.184	1.219	1.217	1.223	1.197	1.196	0.036	0.036	1.205	1.215	1.178	1.162	1.149	1.161	0.035	0.035	1.141	1.150	1.163	1.155	1.192	1.188	0.037	0.036	1.196	1.183	1.238	1.223	1.218	1.210	0.038	0.037	0.037	0.037	0.036	0.036	0.035	0.035	0.037
34:59:43	25.0	0.035	0.034	0.035	0.036	0.035	0.037	0.036	0.036	0.038	1.183	1.219	1.216	1.222	1.196	1.195	0.036	0.036	1.203	1.212	1.177	1.160	1.147	1.161	0.035	0.035	1.139	1.147	1.160	1.153	1.190	1.186	0.037	0.036	1.194	1.181	1.237	1.222	1.216	1.209	0.038	0.037	0.037	0.037	0.036	0.036	0.036	0.036	0.037
35:29:43	25.0	0.035	0.034	0.035	0.036	0.036	0.037	0.036	0.036	0.038	1.182	1.216	1.215	1.220	1.192	1.194	0.036	0.036	1.201	1.211	1.175	1.158	1.145	1.158	0.035	0.035	1.137	1.146	1.159	1.152	1.189	1.185	0.037	0.036	1.193	1.180	1.235	1.220	1.215	1.207	0.038	0.037	0.037	0.037	0.036	0.036	0.036	0.035	0.037
35:59:43	25.0	0.035	0.034	0.035	0.036	0.036	0.037	0.036	0.036	0.038	1.180	1.215	1.213	1.220	1.191	1.192	0.036	0.036	1.199	1.210	1.174	1.156	1.144	1.158	0.035	0.035	1.135	1.145	1.159	1.151	1.188	1.185	0.037	0.036	1.191	1.178	1.232	1.218	1.213	1.204	0.038	0.037	0.037	0.037	0.036	0.036	0.036	0.035	0.037
36:29:43	25.0	0.035	0.034	0.035	0.036	0.035	0.037	0.036	0.036	0.038	1.179	1.213	1.212	1.218	1.189	1.190	0.036	0.036	1.198	1.208	1.172	1.155	1.143	1.155	0.035	0.035	1.134	1.143	1.157	1.153	1.188	1.183	0.037	0.036	1.189	1.176	1.229	1.215	1.211	1.202	0.037	0.037	0.037	0.037	0.036	0.036	0.035	0.035	0.037
36:59:43	25.0	0.035	0.034	0.035	0.036	0.035	0.037	0.036	0.036	0.038	1.178	1.212	1.211	1.217	1.187	1.190	0.036	0.036	1.195	1.207	1.171	1.154	1.141	1.154	0.035	0.035	1.133	1.141	1.157	1.150	1.186	1.182	0.037	0.036	1.187	1.175	1.226	1.212	1.208	1.199	0.038	0.037	0.037	0.037	0.036	0.036	0.035	0.035	0.037
37:29:43	25.0	0.035	0.034	0.035	0.036	0.035	0.037	0.036	0.036	0.038	1.177	1.211	1.210	1.216	1.187	1.189	0.036	0.036	1.193	1.206	1.169	1.152	1.139	1.152	0.035	0.035	1.131	1.141	1.155	1.149	1.186	1.181	0.037	0.036	1.185	1.174	1.223	1.209	1.206	1.196	0.038	0.037	0.037	0.037	0.036	0.036	0.036	0.035	0.037
37:59:43	25.0	0.035	0.034	0.035	0.036	0.035	0.037	0.036	0.036	0.038	1.175	1.209	1.208	1.214	1.185	1.187	0.036	0.036	1.192	1.205	1.168	1.152	1.138	1.151	0.035	0.035	1.130	1.140	1.154	1.147	1.185	1.180	0.037	0.036	1.182	1.173	1.219	1.206	1.204	1.193	0.037	0.037	0.037	0.037	0.036	0.036	0.035	0.035	0.037
38:29:43	25.0	0.035	0.034	0.035	0.036	0.035	0.037	0.036	0.036	0.038	1.173	1.209	1.207	1.212	1.184	1.186	0.036	0.036	1.189	1.203	1.167	1.150	1.137	1.149	0.035	0.035	1.129	1.138	1.153	1.146	1.184	1.179	0.037	0.036	1.180	1.172	1.216	1.204	1.202	1.190	0.037	0.037	0.037	0.037	0.036	0.036	0.035	0.035	0.037
38:59:43	25.0	0.035	0.034	0.035	0.036	0.035	0.037	0.036	0.036	0.038	1.173	1.207	1.206	1.211	1.183	1.185	0.036	0.036	1.187	1.202	1.166	1.149	1.135	1.148	0.035	0.035	1.127	1.137	1.152	1.146	1.183	1.178	0.037	0.036	1.178	1.171	1.213	1.202	1.200	1.188	0.038	0.037	0.036	0.037	0.036	0.036	0.036	0.035	0.037
39:29:43	25.0	0.035	0.034	0.035	0.036	0.035	0.037	0.036	0.036	0.038	1.173	1.206	1.204	1.209	1.182	1.184	0.036	0.036	1.185	1.201	1.164	1.149	1.135	1.147	0.035	0.035	1.125	1.136	1.152	1.145	1.183	1.177	0.037	0.036	1.176	1.169	1.210	1.199	1.198	1.186	0.037	0.037	0.037	0.037	0.036	0.036	0.035	0.035	0.037
39:59:43	25.0	0.035	0.034	0.035	0.036	0.035	0.037	0.036	0.036	0.038	1.169	1.205	1.203	1.208	1.182	1.182	0.036	0.036	1.183	1.199	1.164	1.147	1.133	1.145	0.035	0.035	1.124	1.135	1.151	1.145	1.182	1.176	0.037	0.036	1.173	1.168	1.208	1.197	1.196	1.183	0.037	0.037	0.037	0.037	0.036	0.036	0.035	0.035	0.037
40:29:43	25.0	0.035	0.034	0.035	0.036	0.035	0.037	0.036	0.036	0.038	1.167	1.204	1.202	1.206	1.179	1.180	0.036	0.036	1.181	1.198	1.162	1.146	1.132	1.144	0.035	0.035	1.123	1.134	1.151	1.144	1.181	1.175	0.037	0.036	1.172	1.167	1.206	1.195	1.194	1.181	0.038	0.037	0.036	0.037	0.036	0.036	0.035	0.035	0.037
40:59:43	25.0	0.035	0.034	0.035	0.036	0.035	0.037	0.036	0.036	0.038	1.166	1.202	1.200	1.206	1.178	1.179	0.036	0.036	1.179	1.197	1.161	1.146	1.131	1.143	0.035	0.035	1.122	1.133	1.150	1.143	1.181	1.174	0.037	0.036	1.169	1.166	1.203	1.193	1.194	1.179	0.038	0.037	0.037	0.037	0.036	0.036	0.036	0.035	0.037
41:29:43	25.0	0.035	0.034	0.035	0.036	0.035	0.037	0.036	0.036	0.038	1.165	1.201	1.199	1.203	1.177	1.178	0.036	0.036	1.177	1.196	1.160	1.143	1.129	1.141	0.035	0.035	1.120	1.131	1.149	1.142	1.180	1.174	0.037	0.036	1.167	1.164	1.201	1.191	1.191	1.176	0.037	0.037	0.036	0.037	0.036	0.036	0.035	0.035	0.037
41:59:43	25.0	0.035	0.034	0.035	0.036	0.035	0.037	0.036	0.036	0.038	1.163	1.199	1.197	1.202	1.176	1.177	0.036	0.036	1.175	1.194	1.158	1.143	1.128	1.140	0.035	0.035	1.120	1.130	1.149	1.142	1.179	1.173	0.037	0.036	1.165	1.163	1.199	1.189	1.187	1.174	0.037	0.037	0.037	0.037	0.036	0.036	0.035	0.035	0.037
42:29:43	25.0	0.035	0.034	0.035	0.036	0.035	0.037	0.036	0.036	0.037	1.162	1.198	1.196	1.200	1.174	1.175	0.036	0.036	1.173	1.192	1.157	1.142	1.127	1.139	0.035	0.035	1.119	1.130	1.149	1.142	1.179	1.172	0.037	0.036	1.163	1.162	1.197	1.188	1.183	1.172	0.037	0.037	0.036	0.037	0.036	0.036	0.035	0.035	0.037
42:59:43	25.0	0.035	0.034	0.035	0.036	0.035	0.037	0.036	0.036	0.037	1.159	1.196	1.194	1.199	1.173	1.174	0.036	0.036	1.172	1.190	1.156	1.141	1.126	1.138	0.035	0.035	1.118	1.129	1.148	1.141	1.178	1.172	0.037	0.036	1.162	1.161	1.195	1.186	1.180	1.171	0.037	0.037	0.037	0.037	0.036	0.036	0.035	0.035	0.037
43:29:43	25.0	0.035	0.034	0.035	0.036	0.035	0.037	0.036	0.036	0.037	1.158	1.195	1.193	1.198	1.171	1.172	0.036	0.036	1.170	1.188	1.156	1.140	1.125	1.137	0.035	0.035	1.117	1.129	1.147	1.141	1.178	1.171	0.037	0.036	1.160	1.160	1.193	1.186	1.176	1.169	0.037	0.037	0.036	0.037	0.036	0.036	0.035	0.035	0.037
43:59:43	25.0	0.035	0.034	0.035	0.036	0.035	0.037	0.036	0.036	0.037	1.156	1.194	1.192	1.196	1.171	1.170	0.036	0.036	1.169	1.188	1.154	1.139	1.123	1.136	0.035	0.035	1.115	1.128	1.147	1.141	1.177	1.170	0.037	0.036	1.158	1.158	1.194	1.183	1.173	1.168	0.037	0.037	0.036	0.037	0.036	0.036	0.035	0.035	0.037
44:29:43	25.0	0.035	0.034	0.035	0.036	0.035	0.037	0.036	0.036	0.038	1.155	1.192	1.196	1.194	1.170	1.168	0.036	0.036	1.168	1.186	1.153	1.138	1.123	1.134	0.035	0.035	1.114	1.127	1.147	1.142	1.177	1.170	0.037	0.036	1.156	1.158	1.192	1.180	1.170	1.166	0.038	0.037	0.037	0.037	0.036	0.036	0.035	0.035	0.037
44:59:43	25.0	0.035	0.034	0.035	0.036	0.035	0.037	0.036	0.036	0.038	1.153	1.191	1.188	1.192	1.168	1.167	0.036	0.036	1.165	1.184	1.152	1.137	1.121	1.133	0.035	0.035	1.113	1.126	1.146	1.141	1.176	1.169	0.037	0.036	1.155	1.157	1.188	1.176	1.167	1.162	0.038	0.037	0.037	0.037	0.036	0.036	0.035	0.035	0.037
45:29:43	25.0	0.035	0.034	0.035	0.036	0.036	0.037	0.036	0.036	0.038	1.151	1.189	1.187	1.191	1.167	1.165	0.036	0.036	1.164	1.183	1.151	1.136	1.121	1.132	0.035	0.035	1.113	1.126	1.146	1.140	1.176	1.169	0.037	0.036	1.154	1.155	1.184	1.173	1.164	1.159	0.037	0.037	0.037	0.037	0.036	0.036	0.035	0.035	0.037
45:59:43	25.0	0.035	0.034	0.035	0.036	0.035	0.037	0.036	0.036	0.038	1.150	1.188	1.185	1.189	1.166	1.164	0.036	0.036	1.163	1.181	1.150	1.135	1.120	1.130	0.035	0.035	1.112	1.126	1.146	1.141	1.175	1.168	0.037	0.036	1.152	1.154	1.181	1.170	1.161	1.155	0.037	0.037	0.037	0.037	0.036	0.036	0.035	0.035	0.037
46:29:43	25.0	0.035	0.034	0.035	0.036	0.035	0.037	0.036	0.036	0.038	1.148	1.187	1.183	1.188	1.164	1.162	0.036	0.036	1.162	1.181	1.150	1.134	1.119	1.129	0.035	0.035	1.111	1.126	1.145	1.140	1.175	1.167	0.037	0.036	1.150	1.153	1.177	1.166	1.159	1.152	0.037	0.037	0.036	0.037	0.036	0.036	0.035	0.035	0.037
46:59:43	25.0	0.035	0.034	0.035	0.036	0.035	0.037	0.036	0.036	0.037	1.147	1.185	1.182	1.187	1.162	1.160	0.036	0.036	1.159	1.179	1.148	1.133	1.118	1.128	0.035	0.035	1.110	1.125	1.144	1.140	1.175	1.167	0.037	0.036	1.149	1.153	1.174	1.163	1.156	1.149	0.037	0.037	0.037	0.037	0.036	0.036	0.035	0.035	0.037
47:29:43	25.0	0.035	0.034	0.035	0.036	0.035	0.037	0.036	0.036	0.038	1.144	1.183	1.180	1.185	1.161	1.158	0.036	0.036	1.158	1.178	1.148	1.132	1.117	1.127	0.035	0.035	1.110	1.125	1.144	1.139	1.174	1.166	0.037	0.036	1.147	1.152	1.171	1.160	1.153	1.146	0.037	0.037	0.037	0.037	0.036	0.036	0.035	0.035	0.037
47:59:43	25.0	0.035	0.034	0.035	0.036	0.035	0.037	0.035	0.036	0.037	1.143	1.182	1.178	1.183	1.159	1.157	0.036	0.036	1.156	1.176	1.146	1.131	1.116	1.127	0.035	0.035	1.109	1.125	1.142	1.138	1.174	1.166	0.037	0.036	1.147	1.151	1.168	1.157	1.150	1.142	0.037	0.037	0.036	0.037	0.036	0.036	0.035	0.035	0.037
48:29:43	25.1	0.035	0.034	0.035	0.036	0.035	0.037	0.036	0.036	0.037	1.141	1.180	1.177	1.182	1.158	1.155	0.036	0.036	1.154	1.175	1.145	1.130	1.115	1.126	0.035	0.035	1.108	1.124	1.141	1.138	1.174	1.165	0.037	0.036	1.145	1.150	1.166	1.154	1.146	1.140	0.037	0.036	0.036	0.036	0.036	0.036	0.035	0.035	0.037
48:59:43	25.1	0.035	0.034	0.035	0.036	0.035	0.037	0.036	0.036	0.038	1.140	1.179	1.175	1.181	1.157	1.153	0.036	0.036	1.153	1.173	1.145	1.130	1.115	1.125	0.035	0.035	1.107	1.123	1.140	1.137	1.174	1.165	0.037	0.036	1.145	1.150	1.163	1.152	1.144	1.137	0.037	0.036	0.036	0.037	0.036	0.036	0.035	0.035	0.037
49:29:43	25.1	0.035	0.034	0.035	0.036	0.035	0.037	0.036	0.036	0.037	1.138	1.177	1.173	1.179	1.155	1.152	0.036	0.036	1.151	1.172	1.144	1.129	1.114	1.124	0.035	0.035	1.107	1.123	1.139	1.136	1.174	1.165	0.037	0.036	1.143	1.149	1.159	1.149	1.141	1.134	0.037	0.036	0.036	0.036	0.036	0.036	0.035	0.035	0.037
49:59:43	25.1	0.035	0.034	0.035	0.036	0.035	0.037	0.036	0.036	0.038	1.136	1.175	1.172	1.178	1.154	1.150	0.036	0.036	1.150	1.170	1.143	1.128	1.113	1.123	0.035	0.035	1.106	1.122	1.137	1.135	1.174	1.164	0.037	0.036	1.142	1.148	1.157	1.146	1.139	1.132	0.037	0.037	0.036	0.037	0.036	0.036	0.035	0.035	0.037
50:29:43	25.1	0.035	0.034	0.035	0.036	0.035	0.037	0.036	0.036	0.037	1.135	1.174	1.170	1.176	1.153	1.149	0.036	0.036	1.148	1.169	1.144	1.128	1.113	1.122	0.035	0.035	1.105	1.121	1.136	1.134	1.173	1.164	0.037	0.036	1.141	1.147	1.153	1.142	1.135	1.127	0.037	0.036	0.036	0.037	0.036	0.036	0.035	0.035	0.037
50:59:43	25.1	0.035	0.034	0.035	0.036	0.035	0.037	0.035	0.036	0.037	1.134	1.178	1.168	1.175	1.152	1.147	0.036	0.036	1.147	1.167	1.143	1.127	1.112	1.122	0.035	0.035	1.105	1.121	1.135	1.132	1.173	1.164	0.037	0.036	1.141	1.147	1.150	1.140	1.132	1.124	0.037	0.036	0.036	0.036	0.036	0.036	0.035	0.035	0.037
51:29:43	25.1	0.035	0.034	0.035	0.036	0.035	0.037	0.036	0.036	0.037	1.132	1.171	1.167	1.173	1.150	1.146	0.036	0.036	1.147	1.166	1.142	1.127	1.111	1.120	0.035	0.035	1.104	1.120	1.133	1.130	1.173	1.164	0.037	0.036	1.139	1.146	1.148	1.138	1.130	1.122	0.037	0.036	0.036	0.036	0.036	0.036	0.035	0.035	0.037
51:59:43	25.1	0.035	0.034	0.035	0.036	0.035	0.037	0.036	0.036	0.038	1.131	1.170	1.166	1.172	1.149	1.145	0.036	0.036	1.144	1.165	1.141	1.126	1.111	1.120	0.035	0.035	1.102	1.118	1.131	1.128	1.174	1.164	0.037	0.036	1.138	1.145	1.145	1.136	1.127	1.119	0.037	0.037	0.036	0.037	0.036	0.036	0.035	0.035	0.037
52:29:43	25.1	0.035	0.034	0.035	0.036	0.035	0.037	0.036	0.036	0.037	1.129	1.168	1.164	1.170	1.148	1.144	0.036	0.036	1.144	1.164	1.140	1.125	1.110	1.120	0.035	0.035	1.101	1.117	1.129	1.126	1.173	1.164	0.037	0.036	1.137	1.144	1.142	1.132	1.125	1.117	0.037	0.036	0.036	0.037	0.036	0.036	0.035	0.035	0.037
52:59:43	25.1	0.035	0.034	0.035	0.036	0.035	0.037	0.036	0.036	0.037	1.128	1.166	1.162	1.168	1.147	1.142	0.036	0.036	1.141	1.163	1.140	1.124	1.109	1.119	0.035	0.035	1.099	1.115	1.127	1.124	1.173	1.163	0.037	0.036	1.135	1.144	1.139	1.130	1.122	1.114	0.037	0.036	0.036	0.036	0.036	0.036	0.035	0.035	0.037
53:29:43	25.0	0.035	0.034	0.035	0.035	0.035	0.037	0.036	0.036	0.037	1.126	1.164	1.160	1.167	1.145	1.140	0.036	0.036	1.140	1.161	1.139	1.124	1.108	1.117	0.035	0.035	1.098	1.114	1.125	1.122	1.173	1.163	0.037	0.036	1.134	1.143	1.136	1.127	1.119	1.111	0.037	0.036	0.036	0.036	0.036	0.036	0.035	0.035	0.037
53:59:43	25.0	0.035	0.034	0.035	0.036	0.035	0.037	0.035	0.036	0.037	1.125	1.163	1.159	1.165	1.144	1.139	0.036	0.036	1.138	1.160	1.138	1.123	1.107	1.117	0.035	0.035	1.096	1.112	1.122	1.120	1.173	1.163	0.037	0.036	1.133	1.143	1.133	1.124	1.116	1.108	0.037	0.036	0.036	0.036	0.036	0.036	0.035	0.035	0.037
54:29:43	25.0	0.035	0.034	0.035	0.036	0.035	0.037	0.036	0.036	0.037	1.122	1.161	1.159	1.164	1.142	1.137	0.036	0.036	1.137	1.159	1.139	1.123	1.108	1.117	0.035	0.035	1.094	1.111	1.122	1.119	1.173	1.163	0.037	0.036	1.132	1.141	1.130	1.120	1.113	1.104	0.037	0.036	0.036	0.036	0.036	0.036	0.035	0.035	0.037
54:59:43	25.0	0.035	0.034	0.035	0.036	0.035	0.037	0.036	0.036	0.037	1.121	1.160	1.157	1.162	1.141	1.135	0.036	0.036	1.134	1.157	1.138	1.122	1.107	1.116	0.035	0.035	1.091	1.108	1.119	1.117	1.171	1.160	0.037	0.036	1.132	1.139	1.124	1.114	1.107	1.099	0.037	0.036	0.036	0.037	0.036	0.036	0.035	0.035	0.037
55:29:43	25.0	0.035	0.034	0.035	0.036	0.035	0.037	0.036	0.036	0.037	1.122	1.160	1.156	1.162	1.141	1.135	0.036	0.036	1.135	1.158	1.140	1.124	1.109	1.117	0.035	0.035	1.090	1.108	1.118	1.115	1.172	1.161	0.037	0.036	1.133	1.139	1.123	1.113	1.106	1.097	0.037	0.036	0.036	0.037	0.036	0.036	0.035	0.035	0.037
55:59:43	25.0	0.035	0.034	0.035	0.036	0.035	0.037	0.036	0.036	0.037	1.121	1.159	1.155	1.161	1.141	1.135	0.036	0.036	1.135	1.157	1.139	1.124	1.109	1.117	0.035	0.035	1.090	1.107	1.118	1.115	1.173	1.162	0.037	0.036	1.134	1.140	1.122	1.112	1.105	1.096	0.037	0.036	0.036	0.036	0.036	0.036	0.035	0.035	0.037
56:29:43	25.0	0.035	0.034	0.035	0.036	0.035	0.037	0.036	0.036	0.037	1.121	1.158	1.154	1.160	1.139	1.134	0.036	0.036	1.134	1.157	1.138	1.123	1.109	1.117	0.035	0.035	1.089	1.106	1.116	1.114	1.174	1.162	0.037	0.036	1.133	1.140	1.120	1.111	1.104	1.094	0.037	0.036	0.036	0.037	0.036	0.036	0.035	0.035	0.037
56:59:43	25.0	0.035	0.034	0.035	0.036	0.035	0.037	0.036	0.036	0.037	1.120	1.156	1.153	1.159	1.138	1.133	0.036	0.036	1.132	1.156	1.138	1.124	1.108	1.117	0.035	0.035	1.088	1.105	1.115	1.113	1.174	1.161	0.037	0.036	1.132	1.139	1.119	1.109	1.102	1.092	0.037	0.036	0.036	0.036	0.036	0.036	0.035	0.035	0.037
57:29:43	25.0	0.035	0.034	0.035	0.036	0.035	0.037	0.036	0.036	0.037	1.118	1.155	1.151	1.158	1.137	1.132	0.036	0.036	1.131	1.155	1.138	1.123	1.108	1.117	0.035	0.035	1.087	1.103	1.113	1.111	1.174	1.161	0.037	0.036	1.131	1.139	1.116	1.107	1.100	1.091	0.037	0.036	0.036	0.036	0.036	0.036	0.035	0.035	0.037
57:59:43	25.0	0.035	0.034	0.035	0.036	0.035	0.037	0.036	0.036	0.037	1.117	1.153	1.150	1.155	1.136	1.131	0.036	0.036	1.130	1.155	1.138	1.123	1.107	1.116	0.035	0.035	1.085	1.102	1.112	1.109	1.174	1.160	0.037	0.036	1.130	1.139	1.114	1.105	1.098	1.088	0.037	0.036	0.036	0.036	0.036	0.036	0.035	0.035	0.037
58:29:43	25.0	0.035	0.034	0.035	0.036	0.035	0.037	0.035	0.036	0.037	1.115	1.151	1.147	1.154	1.135	1.129	0.036	0.036	1.129	1.153	1.137	1.123	1.107	1.115	0.035	0.035	1.083	1.100	1.111	1.108	1.174	1.159	0.037	0.036	1.129	1.138	1.112	1.102	1.096	1.085	0.037	0.036	0.036	0.036	0.036	0.036	0.035	0.035	0.037
58:59:43	25.0	0.035	0.034	0.035	0.036	0.035	0.037	0.035	0.036	0.037	1.114	1.149	1.146	1.152	1.134	1.128	0.036	0.036	1.127	1.152	1.136	1.121	1.106	1.114	0.035	0.035	1.082	1.099	1.109	1.106	1.173	1.157	0.037	0.036	1.128	1.137	1.109	1.100	1.094	1.083	0.037	0.036	0.036	0.036	0.036	0.036	0.035	0.035	0.037
59:29:43	25.0	0.035	0.034	0.035	0.036	0.035	0.037	0.035	0.036	0.037	1.112	1.148	1.145	1.150	1.135	1.127	0.036	0.036	1.126	1.152	1.136	1.121	1.105	1.113	0.035	0.035	1.080	1.097	1.107	1.104	1.173	1.156	0.037	0.036	1.128	1.136	1.107	1.098	1.092	1.081	0.037	0.036	0.036	0.036	0.036	0.036	0.035	0.035	0.037
59:59:43	25.0	0.035	0.034	0.035	0.036	0.035	0.037	0.036	0.036	0.037	1.111	1.146	1.142	1.149	1.132	1.126	0.036	0.036	1.124	1.150	1.135	1.120	1.105	1.113	0.035	0.035	1.078	1.095	1.105	1.103	1.172	1.155	0.037	0.036	1.126	1.136	1.105	1.096	1.091	1.078	0.037	0.036	0.036	0.036	0.036	0.036	0.035	0.035	0.037
60:29:43	25.0	0.035	0.034	0.035	0.036	0.035	0.037	0.036	0.036	0.037	1.109	1.144	1.140	1.147	1.133	1.124	0.036	0.036	1.124	1.150	1.134	1.119	1.104	1.112	0.035	0.035	1.076	1.094	1.104	1.101	1.171	1.153	0.037	0.036	1.125	1.135	1.103	1.093	1.088	1.075	0.037	0.036	0.036	0.036	0.036	0.036	0.035	0.035	0.037
60:59:43	25.0	0.035	0.034	0.035	0.036	0.035	0.037	0.036	0.036	0.037	1.107	1.142	1.138	1.145	1.130	1.123	0.036	0.036	1.122	1.148	1.133	1.119	1.103	1.111	0.035	0.035	1.075	1.092	1.102	1.099	1.170	1.152	0.037	0.036	1.125	1.134	1.100	1.091	1.087	1.074	0.037	0.036	0.036	0.036	0.036	0.036	0.035	0.035	0.037
61:29:43	25.0	0.035	0.034	0.035	0.036	0.035	0.037	0.036	0.036	0.037	1.105	1.140	1.135	1.142	1.128	1.121	0.036	0.036	1.121	1.147	1.132	1.118	1.102	1.110	0.035	0.035	1.073	1.090	1.101	1.097	1.169	1.150	0.037	0.036	1.124	1.133	1.098	1.089	1.084	1.071	0.037	0.036	0.036	0.036	0.036	0.036	0.035	0.035	0.037
61:59:43	25.0	0.035	0.034	0.035	0.036	0.035	0.037	0.035	0.036	0.037	1.104	1.138	1.134	1.140	1.127	1.120	0.036	0.036	1.119	1.146	1.132	1.117	1.102	1.109	0.035	0.035	1.071	1.088	1.099	1.096	1.168	1.148	0.037	0.036	1.123	1.132	1.095	1.086	1.082	1.069	0.037	0.036	0.036	0.036	0.036	0.036	0.035	0.035	0.037
62:29:43	25.0	0.035	0.034	0.035	0.036	0.035	0.037	0.035	0.036	0.037	1.102	1.136	1.132	1.138	1.125	1.119	0.036	0.036	1.117	1.145	1.131	1.116	1.101	1.108	0.035	0.035	1.070	1.086	1.096	1.093	1.166	1.146	0.037	0.036	1.122	1.131	1.093	1.084	1.081	1.066	0.037	0.036	0.036	0.036	0.036	0.036	0.035	0.035	0.037
62:59:43	25.0	0.035	0.034	0.035	0.036	0.035	0.037	0.036	0.036	0.037	1.101	1.134	1.130	1.136	1.124	1.117	0.036	0.036	1.116	1.144	1.130	1.116	1.100	1.108	0.035	0.035	1.068	1.085	1.095	1.092	1.165	1.145	0.037	0.036	1.121	1.129	1.091	1.082	1.079	1.064	0.037	0.036	0.036	0.036	0.036	0.036	0.035	0.035	0.037
63:29:43	25.0	0.035	0.034	0.035	0.036	0.035	0.037	0.036	0.036	0.037	1.100	1.132	1.128	1.134	1.123	1.116	0.036	0.036	1.115	1.143	1.129	1.115	1.100	1.106	0.035	0.035	1.066	1.084	1.094	1.090	1.164	1.143	0.037	0.036	1.120	1.128	1.088	1.079	1.077	1.061	0.037	0.036	0.036	0.036	0.036	0.036	0.035	0.035	0.037
63:59:43	25.0	0.035	0.034	0.035	0.036	0.035	0.037	0.035	0.035	0.037	1.098	1.130	1.125	1.132	1.122	1.115	0.036	0.035	1.114	1.142	1.128	1.114	1.098	1.105	0.035	0.035	1.065	1.082	1.092	1.088	1.161	1.141	0.037	0.035	1.119	1.127	1.086	1.077	1.075	1.059	0.037	0.036	0.036	0.036	0.036	0.036	0.035	0.035	0.037
64:29:43	25.0	0.035	0.034	0.035	0.036	0.035	0.037	0.036	0.036	0.037	1.096	1.128	1.124	1.130	1.121	1.113	0.036	0.036	1.113	1.141	1.127	1.113	1.098	1.104	0.035	0.035	1.063	1.081	1.091	1.087	1.160	1.140	0.037	0.036	1.118	1.125	1.084	1.075	1.072	1.056	0.037	0.036	0.036	0.036	0.037	0.036	0.035	0.035	0.037
64:59:43	25.0	0.035	0.034	0.035	0.036	0.035	0.037	0.036	0.036	0.037	1.095	1.126	1.122	1.128	1.120	1.113	0.036	0.036	1.111	1.140	1.127	1.112	1.097	1.103	0.035	0.035	1.062	1.079	1.089	1.085	1.158	1.138	0.037	0.036	1.117	1.123	1.081	1.072	1.070	1.054	0.037	0.036	0.036	0.036	0.037	0.036	0.035	0.035	0.037
65:29:43	25.0	0.035	0.034	0.035	0.036	0.035	0.037	0.035	0.036	0.037	1.093	1.124	1.120	1.126	1.118	1.111	0.036	0.036	1.109	1.138	1.126	1.112	1.096	1.103	0.035	0.035	1.060	1.078	1.087	1.084	1.157	1.136	0.037	0.036	1.116	1.121	1.079	1.070	1.069	1.051	0.037	0.036	0.036	0.036	0.036	0.036	0.035	0.035	0.037
65:59:43	25.0	0.034	0.034	0.035	0.035	0.035	0.037	0.035	0.036	0.037	1.091	1.122	1.117	1.124	1.117	1.110	0.036	0.036	1.108	1.137	1.126	1.111	1.096	1.102	0.035	0.035	1.059	1.076	1.086	1.082	1.155	1.134	0.037	0.036	1.115	1.120	1.077	1.068	1.066	1.049	0.037	0.036	0.036	0.036	0.036	0.036	0.035	0.035	0.037
66:29:43	25.0	0.035	0.034	0.035	0.036	0.035	0.037	0.036	0.036	0.037	1.089	1.120	1.115	1.122	1.115	1.109	0.036	0.036	1.107	1.136	1.125	1.111	1.095	1.101	0.035	0.035	1.057	1.075	1.084	1.081	1.153	1.132	0.037	0.036	1.114	1.118	1.075	1.067	1.065	1.047	0.037	0.036	0.036	0.036	0.036	0.036	0.035	0.035	0.037
66:59:43	25.0	0.034	0.034	0.035	0.035	0.035	0.037	0.035	0.036	0.037	1.088	1.118	1.113	1.119	1.114	1.107	0.036	0.036	1.105	1.135	1.124	1.110	1.094	1.100	0.035	0.035	1.055	1.073	1.083	1.079	1.151	1.130	0.037	0.035	1.113	1.116	1.073	1.064	1.062	1.044	0.037	0.036	0.036	0.036	0.036	0.036	0.035	0.035	0.037
67:29:43	25.0	0.035	0.034	0.035	0.036	0.035	0.037	0.036	0.036	0.037	1.087	1.116	1.111	1.118	1.113	1.106	0.036	0.036	1.104	1.133	1.124	1.110	1.094	1.099	0.035	0.035	1.055	1.072	1.082	1.077	1.150	1.129	0.037	0.036	1.112	1.114	1.071	1.062	1.060	1.042	0.037	0.036	0.036	0.036	0.036	0.036	0.035	0.035	0.037
67:59:43	25.0	0.035	0.034	0.035	0.036	0.035	0.037	0.036	0.036	0.037	1.085	1.114	1.109	1.115	1.111	1.105	0.036	0.036	1.102	1.132	1.123	1.108	1.093	1.099	0.035	0.035	1.053	1.070	1.080	1.076	1.148	1.127	0.037	0.036	1.111	1.112	1.069	1.060	1.059	1.040	0.037	0.036	0.036	0.036	0.036	0.036	0.035	0.035	0.037
68:29:43	25.0	0.035	0.034	0.035	0.036	0.035	0.037	0.035	0.036	0.037	1.083	1.112	1.108	1.113	1.111	1.104	0.036	0.036	1.101	1.131	1.122	1.108	1.093	1.099	0.035	0.035	1.051	1.069	1.078	1.075	1.146	1.125	0.037	0.036	1.110	1.110	1.067	1.058	1.057	1.038	0.037	0.036	0.036	0.036	0.036	0.036	0.035	0.035	0.037
68:59:43	25.0	0.035	0.034	0.035	0.036	0.035	0.037	0.036	0.036	0.037	1.081	1.110	1.105	1.111	1.110	1.102	0.036	0.035	1.100	1.129	1.122	1.107	1.092	1.097	0.035	0.035	1.050	1.067	1.077	1.073	1.145	1.124	0.037	0.036	1.109	1.108	1.064	1.056	1.055	1.036	0.037	0.036	0.036	0.036	0.036	0.036	0.035	0.035	0.037
69:29:43	25.0	0.034	0.034	0.035	0.036	0.035	0.037	0.036	0.036	0.037	1.080	1.108	1.103	1.109	1.108	1.100	0.036	0.035	1.098	1.129	1.121	1.107	1.091	1.096	0.035	0.035	1.049	1.066	1.076	1.072	1.143	1.121	0.037	0.036	1.108	1.106	1.062	1.054	1.052	1.034	0.037	0.036	0.036	0.036	0.036	0.036	0.035	0.035	0.037
69:59:43	25.0	0.034	0.034	0.035	0.035	0.035	0.037	0.036	0.036	0.037	1.079	1.106	1.101	1.107	1.106	1.097	0.035	0.035	1.095	1.126	1.122	1.107	1.091	1.096	0.035	0.035	1.047	1.065	1.075	1.071	1.140	1.118	0.036	0.036	1.108	1.103	1.058	1.049	1.048	1.028	0.037	0.036	0.036	0.036	0.035	0.036	0.035	0.035	0.037
70:29:43	25.0	0.034	0.034	0.035	0.035	0.035	0.037	0.035	0.035	0.037	1.078	1.105	1.099	1.104	1.105	1.097	0.036	0.035	1.094	1.126	1.121	1.107	1.092	1.096	0.035	0.035	1.045	1.063	1.073	1.069	1.138	1.116	0.037	0.036	1.108	1.101	1.056	1.047	1.046	1.027	0.037	0.036	0.036	0.036	0.035	0.036	0.035	0.035	0.037
70:59:43	25.0	0.034	0.034	0.035	0.036	0.035	0.037	0.036	0.036	0.037	1.078	1.103	1.097	1.103	1.104	1.096	0.036	0.036	1.093	1.125	1.121	1.107	1.091	1.095	0.035	0.035	1.046	1.063	1.073	1.069	1.136	1.115	0.037	0.036	1.107	1.100	1.055	1.047	1.045	1.026	0.037	0.036	0.036	0.036	0.036	0.036	0.035	0.035	0.037
71:29:43	25.0	0.034	0.034	0.034	0.035	0.035	0.037	0.035	0.035	0.037	1.077	1.101	1.096	1.101	1.103	1.094	0.036	0.035	1.092	1.123	1.121	1.106	1.091	1.095	0.035	0.035	1.045	1.061	1.071	1.067	1.135	1.113	0.036	0.035	1.107	1.098	1.053	1.045	1.043	1.024	0.037	0.036	0.036	0.036	0.035	0.036	0.035	0.035	0.037
71:59:43	25.1	0.034	0.034	0.035	0.036	0.035	0.037	0.035	0.036	0.037	1.075	1.099	1.094	1.099	1.101	1.093	0.036	0.035	1.091	1.122	1.120	1.105	1.090	1.095	0.035	0.035	1.044	1.061	1.070	1.066	1.134	1.112	0.037	0.035	1.105	1.097	1.052	1.044	1.042	1.022	0.037	0.036	0.036	0.036	0.035	0.036	0.035	0.035	0.037
72:29:43	25.1	0.034	0.034	0.035	0.036	0.035	0.037	0.035	0.036	0.037	1.074	1.097	1.091	1.097	1.100	1.091	0.036	0.035	1.089	1.121	1.120	1.105	1.090	1.094	0.035	0.035	1.043	1.059	1.070	1.065	1.132	1.110	0.037	0.035	1.105	1.095	1.051	1.042	1.040	1.020	0.037	0.036	0.036	0.036	0.036	0.036	0.035	0.035	0.037
72:59:43	25.1	0.034	0.034	0.035	0.036	0.035	0.037	0.035	0.036	0.037	1.072	1.096	1.089	1.095	1.099	1.090	0.036	0.035	1.087	1.119	1.119	1.104	1.089	1.093	0.035	0.035	1.043	1.059	1.069	1.064	1.131	1.108	0.037	0.036	1.104	1.093	1.050	1.040	1.039	1.019	0.037	0.036	0.036	0.036	0.036	0.036	0.035	0.035	0.037
73:29:43	25.1	0.034	0.034	0.035	0.035	0.035	0.037	0.035	0.035	0.037	1.071	1.094	1.087	1.093	1.097	1.088	0.036	0.035	1.085	1.118	1.119	1.104	1.089	1.093	0.035	0.035	1.042	1.058	1.068	1.063	1.129	1.106	0.037	0.035	1.103	1.092	1.048	1.039	1.037	1.017	0.037	0.036	0.036	0.036	0.036	0.036	0.035	0.035	0.037
73:59:43	25.1	0.034	0.034	0.035	0.036	0.035	0.037	0.036	0.036	0.037	1.069	1.092	1.085	1.091	1.095	1.086	0.036	0.035	1.083	1.116	1.119	1.103	1.089	1.093	0.035	0.035	1.041	1.058	1.068	1.063	1.127	1.105	0.037	0.035	1.103	1.090	1.046	1.036	1.034	1.014	0.037	0.036	0.036	0.036	0.036	0.036	0.035	0.035	0.037
74:29:43	25.1	0.034	0.034	0.035	0.036	0.035	0.037	0.035	0.036	0.037	1.068	1.090	1.083	1.089	1.097	1.084	0.036	0.035	1.081	1.115	1.119	1.103	1.089	1.092	0.035	0.035	1.040	1.056	1.066	1.061	1.126	1.103	0.037	0.036	1.103	1.089	1.044	1.035	1.032	1.013	0.037	0.036	0.036	0.036	0.036	0.036	0.035	0.035	0.037
74:59:43	25.1	0.034	0.034	0.035	0.035	0.035	0.037	0.035	0.036	0.037	1.066	1.088	1.081	1.086	1.092	1.083	0.036	0.035	1.079	1.113	1.117	1.103	1.088	1.091	0.035	0.035	1.039	1.054	1.064	1.059	1.123	1.101	0.036	0.035	1.102	1.087	1.043	1.034	1.031	1.011	0.037	0.036	0.036	0.036	0.036	0.036	0.035	0.035	0.037
75:29:43	25.1	0.034	0.034	0.035	0.035	0.035	0.037	0.035	0.035	0.037	1.065	1.086	1.079	1.085	1.090	1.081	0.036	0.035	1.077	1.111	1.117	1.102	1.087	1.090	0.035	0.035	1.038	1.053	1.063	1.058	1.122	1.100	0.036	0.035	1.101	1.085	1.041	1.032	1.029	1.009	0.037	0.036	0.036	0.036	0.036	0.036	0.035	0.035	0.037
75:59:43	25.1	0.034	0.034	0.035	0.036	0.035	0.037	0.035	0.036	0.037	1.063	1.084	1.078	1.083	1.089	1.078	0.036	0.035	1.076	1.110	1.116	1.102	1.087	1.089	0.035	0.035	1.037	1.052	1.062	1.057	1.121	1.098	0.036	0.035	1.100	1.084	1.039	1.030	1.028	1.008	0.037	0.036	0.036	0.036	0.037	0.036	0.035	0.035	0.037
76:29:43	25.0	0.034	0.034	0.035	0.036	0.035	0.037	0.035	0.036	0.037	1.061	1.082	1.076	1.080	1.087	1.077	0.036	0.035	1.074	1.108	1.116	1.101	1.087	1.089	0.035	0.035	1.035	1.051	1.061	1.056	1.119	1.097	0.037	0.035	1.100	1.083	1.037	1.028	1.025	1.006	0.037	0.036	0.036	0.036	0.037	0.036	0.035	0.035	0.037
76:59:43	25.0	0.034	0.034	0.035	0.036	0.035	0.037	0.036	0.036	0.037	1.060	1.080	1.073	1.078	1.085	1.075	0.036	0.035	1.072	1.107	1.115	1.101	1.086	1.089	0.035	0.035	1.034	1.049	1.060	1.054	1.118	1.095	0.036	0.035	1.099	1.081	1.035	1.026	1.023	1.004	0.037	0.036	0.036	0.036	0.037	0.036	0.035	0.035	0.037
77:29:43	25.0	0.034	0.034	0.035	0.036	0.035	0.037	0.035	0.035	0.037	1.059	1.078	1.072	1.076	1.083	1.073	0.036	0.035	1.070	1.105	1.115	1.099	1.085	1.089	0.035	0.035	1.034	1.048	1.059	1.053	1.116	1.093	0.036	0.035	1.097	1.079	1.034	1.024	1.022	1.002	0.037	0.036	0.036	0.036	0.037	0.036	0.035	0.035	0.037
0:00:00																																																	
0:00:00																																																	
0:00:00																																																	
0:00:00																																																	
0:00:00																																																	
0:00:00																																																	
0:00:00																																																	
0:00:00																																																	
0:00:00																																																	
0:00:00																																																	
0:00:00																																																	
0:00:00																																																	
0:00:00																																																	
0:00:00																																																	
0:00:00																																																	
0:00:00																																																	
0:00:00																																																	
0:00:00																																																	
0:00:00																																																	
0:00:00																																																	
0:00:00																																																	
0:00:00																																																	
0:00:00																																																	
0:00:00																																																	
0:00:00																																																	
0:00:00																																																	
0:00:00																																																	
0:00:00																																																	
0:00:00																																																	
0:00:00																																																	
0:00:00																																																	
0:00:00																																																	
0:00:00																																																	
0:00:00																																																	
0:00:00																																																	
0:00:00																																																	
0:00:00																																																	
0:00:00																																																	

Results
	1	2	3	4	5	6	7	8
A	-0.020	0.013	-0.010	-0.010	-0.010	0.010	-0.007	-0.010	Max V [Read 2:600]
	1.000	1.000	1.000	1.000	1.000	1.000	1.000	1.000	R-Squared [Read 2:600]
	0:44:43	24:14:43	12:44:43	34:14:43	4:14:43	54:44:43	77:14:43	63:44:43	t at Max V [Read 2:600]
	0:29:43	24:29:43	13:09:43	33:29:43	3:59:43	55:39:43	75:59:43	62:19:43	Lagtime [Read 2:600]
B	0.013	3.533	3.753	3.910	4.303	4.093	4.590	-0.010	Max V [Read 2:600]
	1.000	1.000	1.000	1.000	1.000	1.000	1.000	1.000	R-Squared [Read 2:600]
	64:14:43	11:44:43	11:44:43	11:14:43	11:14:43	11:44:43	11:44:43	5:44:43	t at Max V [Read 2:600]
	65:22:13	9:16:44	9:12:21	9:06:22	9:12:20	9:31:33	9:52:16	5:49:43	Lagtime [Read 2:600]
C	-0.010	4.000	4.137	4.330	-4.333	3.817	3.620	-0.010	Max V [Read 2:600]
	1.000	1.000	1.000	1.000	1.000	1.000	1.000	1.000	R-Squared [Read 2:600]
	45:44:43	11:44:43	11:44:43	13:44:43	14:44:43	10:44:43	10:44:43	15:14:43	t at Max V [Read 2:600]
	44:09:43	9:42:28	9:42:40	10:48:39	17:42:22	8:40:15	8:38:13	15:09:43	Lagtime [Read 2:600]
D	0.010	4.117	4.420	4.300	-6.660	2.470	2.487	-0.010	Max V [Read 2:600]
	1.000	1.000	1.000	1.000	1.000	1.000	1.000	1.000	R-Squared [Read 2:600]
	67:14:43	11:14:43	11:14:43	11:14:43	15:14:43	14:14:43	13:44:43	69:44:43	t at Max V [Read 2:600]
	69:09:43	9:21:33	9:23:12	9:10:18	16:56:20	11:17:03	11:14:02	68:29:43	Lagtime [Read 2:600]
E	-0.010	2.363	2.717	2.467	2.363	2.350	2.400	0.010	Max V [Read 2:600]
	1.000	1.000	1.000	1.000	1.000	1.000	1.000	1.000	R-Squared [Read 2:600]
	15:14:43	14:14:43	14:14:43	12:44:43	13:44:43	13:44:43	13:44:43	64:14:43	t at Max V [Read 2:600]
	15:09:43	11:43:28	11:21:37	10:38:26	10:44:39	10:41:51	10:46:06	64:59:43	Lagtime [Read 2:600]
F	0.013	-0.010	0.010	-0.020	0.010	-0.010	-0.010	-0.013	Max V [Read 2:600]
	1.000	1.000	1.000	1.000	1.000	1.000	1.000	1.000	R-Squared [Read 2:600]
	67:14:43	61:44:43	36:44:43	65:44:43	60:14:43	12:44:43	73:14:43	66:44:43	t at Max V [Read 2:600]
	69:22:13	59:39:43	37:59:43	65:09:43	61:59:43	12:19:43	70:49:43	65:37:13	Lagtime [Read 2:600]

